Q R S+T	| Sin(T) | Fb (S+T)	| Cycle
---------------------------------------
1 1 1 1	| 1	 | 0		| 1
1 1 1 0 | 0	 | 1		| 2
0 1 1 1	| 1	 | 0		| 3
1 0 1 0 | 0	 | 1		| 4
0 1 0 1 | 1	 | 1		| 5
1 0 1 1 | 1	 | 0 		| 6
1 1 0 0 | 0	 | 0		| 7
0 1 1 0 | 0	 | 1		| 8
0 0 1 1 | 1	 | 0		| 9
1 0 0 0 | 0	 | 0		| 10
0 1 0 0 | 0	 | 0		| 11
0 0 1 0 | 0	 | 1		| 12
0 0 0 1 | 1	 | 1		| 13
1 0 0 1 | 1	 | 1		| 14
1 1 0 1 | 1	 | 1		| 15
---------------------------------------
1 1 1 1 | 1	 | 0 (repeats)	| 1

0101
1011
0110
1100
1001
0010
0100
1000
0001
0011
0111
1111
1110
1101
1010

0101

1  0 0100 4  4
2  0 1000 8  8
3  1 0001 17 1
4  0 0011 3  3
5  0 0111 7  7
6  0 1111 15 15
7  1 1110 30 14
8  1 1101 29 13
9  1 1010 26 10
10 1 0101 21 5
11 0 1011 11 11
12 1 0110 22 6
13 0 1100 12 12
14 1 1001 25 9
15 1 0010 18 2





